	C	M	F	I	L	V	W	Y	A	G	T	S	Q	N	E	D	H	R	K	P
C	-5.44	-5.05	-5.63	-5.03	-5.03	-4.46	-4.76	-3.89	-3.38	-3.16	-2.88	-2.86	-2.73	-2.59	-2.08	-2.66	-3.63	-2.7	-1.54	-2.92
M	0	-6.06	-6.68	-6.33	-6.01	-5.52	-6.37	-4.92	-3.99	-3.75	-3.73	-3.55	-3.17	-3.5	-3.19	-2.9	-3.31	-3.49	-3.11	-4.11
F	0	0	-6.85	-6.39	-6.26	-5.75	-6.02	-4.95	-4.36	-3.72	-3.76	-3.56	-3.3	-3.55	-3.51	-3.31	-4.61	-3.54	-2.83	-3.73
I	0	0	0	-6.22	-6.17	-5.58	-5.64	-4.63	-4.41	-3.65	-3.74	-3.43	-3.22	-2.99	-3.23	-2.91	-3.76	-3.33	-2.7	-3.47
L	0	0	0	0	-5.79	-5.38	-5.5	-4.26	-3.96	-3.43	-3.43	-3.16	-3.09	-2.99	-2.91	-2.59	-3.84	-3.15	-2.63	-3.06
V	0	0	0	0	0	-4.94	-5.05	-4.05	-3.62	-3.06	-2.95	-2.79	-2.67	-2.36	-2.56	-2.25	-3.38	-2.78	-1.95	-2.96
W	0	0	0	0	0	0	-5.42	-4.44	-3.93	-3.37	-3.31	-2.95	-3.16	-3.11	-2.94	-2.91	-4.02	-3.56	-2.49	-3.66
Y	0	0	0	0	0	0	0	-3.55	-2.85	-2.5	-2.48	-2.3	-2.53	-2.47	-2.42	-2.25	-3.33	-2.75	-2.01	-2.8
A	0	0	0	0	0	0	0	0	-2.51	-2.15	-2.15	-1.89	-1.7	-1.44	-1.51	-1.57	-2.09	-1.5	-1.1	-1.81
G	0	0	0	0	0	0	0	0	0	-2.17	-2.03	-1.7	-1.54	-1.56	-1.22	-1.62	-1.94	-1.68	-0.84	-1.72
T	0	0	0	0	0	0	0	0	0	0	-1.72	-1.59	-1.59	-1.51	-1.45	-1.66	-2.31	-1.97	-1.02	-1.66
S	0	0	0	0	0	0	0	0	0	0	0	-1.48	-1.37	-1.31	-1.48	-1.46	-1.94	-1.22	-0.83	-1.35
Q	0	0	0	0	0	0	0	0	0	0	0	0	-0.89	-1.36	-1.33	-1.26	-1.85	-1.85	-1.02	-1.73
N	0	0	0	0	0	0	0	0	0	0	0	0	0	-1.59	-1.43	-1.33	-2.01	-1.41	-0.91	-1.43
E	0	0	0	0	0	0	0	0	0	0	0	0	0	0	-1.18	-1.23	-2.27	-2.07	-1.6	-1.4
D	0	0	0	0	0	0	0	0	0	0	0	0	0	0	0	-0.96	-2.14	-1.98	-1.32	-1.19
H	0	0	0	0	0	0	0	0	0	0	0	0	0	0	0	0	-2.78	-2.12	-1.09	-2.17
R	0	0	0	0	0	0	0	0	0	0	0	0	0	0	0	0	0	-1.39	-0.06	-1.85
K	0	0	0	0	0	0	0	0	0	0	0	0	0	0	0	0	0	0	0.13	-0.67
P	0	0	0	0	0	0	0	0	0	0	0	0	0	0	0	0	0	0	0	-1.18